# From Richard Pace - Large Whale Program Leader
# rpace at mercury.wh.whoi.edu
# Speed (kts)	P(Mort|Collision)
0.1	0.02766
0.2	0.02859
0.3	0.02955
0.4	0.03054
0.5	0.03157
0.6	0.03263
0.7	0.03372
0.8	0.03485
0.9	0.03602
1.0	0.03722
1.1	0.03846
1.2	0.03974
1.3	0.04106
1.4	0.04243
1.5	0.04383
1.6	0.04529
1.7	0.04678
1.8	0.04833
1.9	0.04992
2.0	0.05156
2.1	0.05326
2.2	0.05500
2.3	0.05680
2.4	0.05866
2.5	0.06057
2.6	0.06254
2.7	0.06457
2.8	0.06666
2.9	0.06881
3.0	0.07103
3.1	0.07331
3.2	0.07566
3.3	0.07808
3.4	0.08057
3.5	0.08313
3.6	0.08577
3.7	0.08848
3.8	0.09127
3.9	0.09414
4.0	0.09709
4.1	0.10012
4.2	0.10323
4.3	0.10643
4.4	0.10972
4.5	0.11310
4.6	0.11656
4.7	0.12012
4.8	0.12377
4.9	0.12752
5.0	0.13136
5.1	0.13530
5.2	0.13934
5.3	0.14348
5.4	0.14772
5.5	0.15206
5.6	0.15651
5.7	0.16107
5.8	0.16573
5.9	0.17050
6.0	0.17538
6.1	0.18036
6.2	0.18546
6.3	0.19066
6.4	0.19598
6.5	0.20141
6.6	0.20695
6.7	0.21260
6.8	0.21837
6.9	0.22424
7.0	0.23023
7.1	0.23633
7.2	0.24254
7.3	0.24886
7.4	0.25529
7.5	0.26183
7.6	0.26847
7.7	0.27522
7.8	0.28207
7.9	0.28903
8.0	0.29609
8.1	0.30324
8.2	0.31050
8.3	0.31784
8.4	0.32528
8.5	0.33281
8.6	0.34043
8.7	0.34812
8.8	0.35590
8.9	0.36376
9.0	0.37168
9.1	0.37968
9.2	0.38775
9.3	0.39587
9.4	0.40405
9.5	0.41229
9.6	0.42058
9.7	0.42891
9.8	0.43728
9.9	0.44569
10.0	0.45413
10.1	0.46260
10.2	0.47108
10.3	0.47959
10.4	0.48810
10.5	0.49663
10.6	0.50515
10.7	0.51367
10.8	0.52219
10.9	0.53069
11.0	0.53917
11.1	0.54763
11.2	0.55606
11.3	0.56446
11.4	0.57283
11.5	0.58115
11.6	0.58943
11.7	0.59765
11.8	0.60583
11.9	0.61394
12.0	0.62199
12.1	0.62997
12.2	0.63789
12.3	0.64572
12.4	0.65349
12.5	0.66117
12.6	0.66876
12.7	0.67627
12.8	0.68369
12.9	0.69102
13.0	0.69825
13.1	0.70539
13.2	0.71243
13.3	0.71936
13.4	0.72619
13.5	0.73292
13.6	0.73954
13.7	0.74606
13.8	0.75246
13.9	0.75876
14.0	0.76495
14.1	0.77102
14.2	0.77699
14.3	0.78284
14.4	0.78858
14.5	0.79421
14.6	0.79973
14.7	0.80513
14.8	0.81043
14.9	0.81561
15.0	0.82069
15.1	0.82565
15.2	0.83050
15.3	0.83525
15.4	0.83989
15.5	0.84442
15.6	0.84885
15.7	0.85317
15.8	0.85739
15.9	0.86151
16.0	0.86553
16.1	0.86945
16.2	0.87327
16.3	0.87700
16.4	0.88063
16.5	0.88417
16.6	0.88761
16.7	0.89097
16.8	0.89424
16.9	0.89742
17.0	0.90052
17.1	0.90353
17.2	0.90646
17.3	0.90932
17.4	0.91209
17.5	0.91478
17.6	0.91741
17.7	0.91995
17.8	0.92243
17.9	0.92483
18.0	0.92717
18.1	0.92944
18.2	0.93164
18.3	0.93378
18.4	0.93586
18.5	0.93788
18.6	0.93983
18.7	0.94173
18.8	0.94358
18.9	0.94537
19.0	0.94710
19.1	0.94878
19.2	0.95041
19.3	0.95200
19.4	0.95353
19.5	0.95502
19.6	0.95646
19.7	0.95786
19.8	0.95921
19.9	0.96053
20.0	0.96180
20.1	0.96303
20.2	0.96423
20.3	0.96539
20.4	0.96651
20.5	0.96759
20.6	0.96865
20.7	0.96967
20.8	0.97065
20.9	0.97161
21.0	0.97254
21.1	0.97343
21.2	0.97430
21.3	0.97514
21.4	0.97595
21.5	0.97674
21.6	0.97750
21.7	0.97824
21.8	0.97895
21.9	0.97965
22.0	0.98031
22.1	0.98096
22.2	0.98159
22.3	0.98219
22.4	0.98278
22.5	0.98335
22.6	0.98390
22.7	0.98443
22.8	0.98494
22.9	0.98544
23.0	0.98592
23.1	0.98639
23.2	0.98684
23.3	0.98727
23.4	0.98770
23.5	0.98810
23.6	0.98850
23.7	0.98888
23.8	0.98925
23.9	0.98960
24.0	0.98995
24.1	0.99028
24.2	0.99061
24.3	0.99092
24.4	0.99122
24.5	0.99151
24.6	0.99179
24.7	0.99207
24.8	0.99233
24.9	0.99259
25.0	0.99283
25.1	0.99307
25.2	0.99330
25.3	0.99352
25.4	0.99374
25.5	0.99395
25.6	0.99415
25.7	0.99435
25.8	0.99453
25.9	0.99472
26.0	0.99489
26.1	0.99506
26.2	0.99523
26.3	0.99539
26.4	0.99554
26.5	0.99569
26.6	0.99583
26.7	0.99597
26.8	0.99611
26.9	0.99624
27.0	0.99636
27.1	0.99648
27.2	0.99660
27.3	0.99672
27.4	0.99683
27.5	0.99693
27.6	0.99703
27.7	0.99713
27.8	0.99723
27.9	0.99732
28.0	0.99741
28.1	0.99750
28.2	0.99758
28.3	0.99766
28.4	0.99774
28.5	0.99782
28.6	0.99789
28.7	0.99796
28.8	0.99803
28.9	0.99809
29.0	0.99816
29.1	0.99822
29.2	0.99828
29.3	0.99834
29.4	0.99839
29.5	0.99845
29.6	0.99850
29.7	0.99855
29.8	0.99860
29.9	0.99864
30.0	0.99869
30.1	0.99873
30.2	0.99878
30.3	0.99882
30.4	0.99886
30.5	0.99889
30.6	0.99893
30.7	0.99897
30.8	0.99900
30.9	0.99904
31.0	0.99907
